"Survived","StudentId"
1.48018583230495,1
1.39561659074471,2
1.66885352622839,11
1.6762344244844,12
1.8823510628617,13
1.71733580843259,17
1.41018292119041,18
1.48412504924442,21
2.30576999187681,22
1.36583172651728,25
1.3879777155421,27
2.0275200572819,32
1.61999959008291,33
1.80848980854971,34
2.02797287839281,37
1.37849839575088,40
2.05002807688059,44
1.85116319651507,47
1.66207490568561,51
1.56201290074777,52
1.66998403410457,54
1.35320119571071,55
1.91643195174168,57
1.61203214033218,68
1.68292384288866,79
1.86759986160965,80
2.20921068249229,81
1.55515755782243,85
1.45301064406458,88
1.8220095691265,89
1.63818401668432,94
2.13192654223376,95
1.25339124947819,98
1.53248510525627,106
1.41286156095683,107
1.77962131510463,109
2.01842799402761,121
2.0230133432693,122
1.92726473103253,124
1.369117942215,127
2.32586689300005,128
1.73913034524398,130
1.51355036824199,131
1.71689056145875,135
1.84077092686174,143
1.45089800319412,146
1.77441970422329,150
2.19123394263631,152
1.32726380183987,153
1.90279964873836,154
1.8920046056236,157
2.24807847278984,159
1.67056894281537,160
1.75988240064447,169
1.57351520631662,188
2.44100021244353,194
2.03618231998487,202
1.51053473947243,204
1.28308666331151,206
1.35050482961043,210
2.81816579795724,215
1.30304693550334,218
1.44041771375046,220
1.32620958032551,223
2.37359251770214,225
2.22033516934422,226
1.68488176054832,228
1.74534623381024,230
2.04451900077327,234
2.15957000895499,237
1.51107045242287,242
2.17808771853809,247
1.87148299037017,251
1.79638367037003,255
1.62452944895874,257
1.41330343045083,269
2.32744910699817,274
1.28655102704057,276
2.26407097120051,292
1.55538824014962,295
1.99689279269727,299
2.5243490349098,304
1.84339456460433,305
1.67978860166243,311
1.5742005010017,315
1.59127808807347,329
1.88619650731918,346
1.97988091538706,348
2.51139831884248,350
2.34071121804744,355
1.23832332515581,356
1.42699033169054,359
1.17611738936943,365
2.72019225512413,368
1.60828105742265,374
2.28653858052226,377
2.65049694119012,388
1.15351622229544,396
1.5164298171044,401
1.47899300840181,403
1.97285073914082,406
1.47733756379657,413
1.64752521670883,415
1.40645194087701,427
2.31693497053452,433
1.89943796071198,434
1.57156812151624,443
1.6937312790325,445
1.91836324786324,455
2.09284019894708,460
1.63424281294544,462
1.63372751861292,470
2.49649790474747,471
2.16528902729514,474
1.84611140842104,476
1.70689134832605,477
1.33854118517907,478
1.85046032902945,484
2.19809126064666,488
1.38095253407481,489
1.9456021878865,497
2.06540681725278,499
2.35837195324612,504
1.88070252965853,505
1.53328762954217,511
1.68468911094976,514
1.30172094288619,518
2.40679390067004,519
1.58602268331862,525
1.97376510618644,528
1.19542549361904,530
1.99981218730764,532
1.20648235475627,536
1.56269767038502,542
2.39535466570417,543
1.67591573675002,550
2.4198195970696,556
1.57897298723541,557
1.6743520246167,558
1.55651165431591,563
1.3322878734996,568
1.45422044371813,571
1.50709310518998,572
1.19954936468886,576
1.65087351672435,580
1.53879653851219,582
2.13077431044891,584
2.33997197297652,586
1.42096453031733,587
2.57003554897272,588
1.28964122392759,592
1.42780854304992,594
1.53869531422783,603
2.13771524213309,613
2.34314414735591,618
1.27057569275644,626
1.49532758355469,629
1.28492139135894,630
1.44948858106559,632
1.89071434817965,633
1.45655655925296,636
1.61999083829569,644
2.62235327750313,646
1.34724148800802,650
1.32966596836568,655
1.50038357705011,658
